6.35 2.23 3.48 2.33 4.38 4.09 2.52 5.19 2.39 3.66 2.29 2.88 3.4825;
2.88 6.35 2.23 3.48 2.33 4.38 4.09 2.52 5.19 2.39 3.66 2.29 3.4825;
2.29 2.88 6.35 2.23 3.48 2.33 4.38 4.09 2.52 5.19 2.39 3.66 3.4825;
3.66 2.29 2.88 6.35 2.23 3.48 2.33 4.38 4.09 2.52 5.19 2.39 3.4825;
2.39 3.66 2.29 2.88 6.35 2.23 3.48 2.33 4.38 4.09 2.52 5.19 3.4825;
5.19 2.39 3.66 2.29 2.88 6.35 2.23 3.48 2.33 4.38 4.09 2.52 3.4825;
2.52 5.19 2.39 3.66 2.29 2.88 6.35 2.23 3.48 2.33 4.38 4.09 3.4825;
4.09 2.52 5.19 2.39 3.66 2.29 2.88 6.35 2.23 3.48 2.33 4.38 3.4825;
4.38 4.09 2.52 5.19 2.39 3.66 2.29 2.88 6.35 2.23 3.48 2.33 3.4825;
2.33 4.38 4.09 2.52 5.19 2.39 3.66 2.29 2.88 6.35 2.23 3.48 3.4825;
3.48 2.33 4.38 4.09 2.52 5.19 2.39 3.66 2.29 2.88 6.35 2.23 3.4825;
2.23 3.48 2.33 4.38 4.09 2.52 5.19 2.39 3.66 2.29 2.88 6.35 3.4825;
6.33 2.68 3.52 5.38 2.6 3.53 2.54 4.75 3.98 2.69 3.34 3.17 3.70917;
3.17 6.33 2.68 3.52 5.38 2.6 3.53 2.54 4.75 3.98 2.69 3.3 3.709174;
3.34 3.17 6.33 2.68 3.52 5.38 2.6 3.53 2.54 4.75 3.98 2.69 3.70917;
2.69 3.34 3.17 6.33 2.68 3.52 5.38 2.6 3.53 2.54 4.75 3.98 3.70917;
3.98 2.69 3.34 3.17 6.33 2.68 3.52 5.38 2.6 3.53 2.54 4.75 3.70917;
4.75 3.98 2.69 3.34 3.17 6.33 2.68 3.52 5.38 2.6 3.53 2.54 3.70917;
2.54 4.75 3.98 2.69 3.34 3.17 6.33 2.68 3.52 5.38 2.6 3.53 3.70917;
3.53 2.54 4.75 3.98 2.69 3.34 3.17 6.33 2.68 3.52 5.38 2.6 3.70917;
2.6 3.53 2.54 4.75 3.98 2.69 3.34 3.17 6.33 2.68 3.52 5.38 3.70917;
5.38 2.6 3.53 2.54 4.75 3.98 2.69 3.34 3.17 6.33 2.68 3.52 3.70917;
3.52 5.38 2.6 3.53 2.54 4.75 3.98 2.69 3.34 3.17 6.33 2.68 3.70917;
2.68 3.52 5.38 2.6 3.53 2.54 4.75 3.98 2.69 3.34 3.17 6.33 3.70917;