0.748 0.060 0.488 0.082 0.670 0.460 0.096 0.715 0.104 0.366 0.057 0.400; 
0.400 0.748 0.060 0.488 0.082 0.670 0.460 0.096 0.715 0.104 0.366 0.057;
0.057 0.400 0.748 0.060 0.488 0.082 0.670 0.460 0.096 0.715 0.104 0.366;
0.366 0.057 0.400 0.748 0.060 0.488 0.082 0.670 0.460 0.096 0.715 0.104;
0.104 0.366 0.057 0.400 0.748 0.060 0.488 0.082 0.670 0.460 0.096 0.715;
0.715 0.104 0.366 0.057 0.400 0.748 0.060 0.488 0.082 0.670 0.460 0.096;
0.096 0.715 0.104 0.366 0.057 0.400 0.748 0.060 0.488 0.082 0.670 0.460;
0.460 0.096 0.715 0.104 0.366 0.057 0.400 0.748 0.060 0.488 0.082 0.670;
0.670 0.460 0.096 0.715 0.104 0.366 0.057 0.400 0.748 0.060 0.488 0.082;
0.082 0.670 0.460 0.096 0.715 0.104 0.366 0.057 0.400 0.748 0.060 0.488;
0.488 0.082 0.670 0.460 0.096 0.715 0.104 0.366 0.057 0.400 0.748 0.060;
0.060 0.488 0.082 0.670 0.460 0.096 0.715 0.104 0.366 0.057 0.400 0.748;
0.712 0.084 0.474 0.618 0.049 0.460 0.105 0.747 0.404 0.067 0.133 0.330;
0.330 0.712 0.084 0.474 0.618 0.049 0.460 0.105 0.747 0.404 0.067 0.133;
0.133 0.330 0.712 0.084 0.474 0.618 0.049 0.460 0.105 0.747 0.404 0.067;
0.067 0.133 0.330 0.712 0.084 0.474 0.618 0.049 0.460 0.105 0.747 0.404;
0.404 0.067 0.133 0.330 0.712 0.084 0.474 0.618 0.049 0.460 0.105 0.747;
0.747 0.404 0.067 0.133 0.330 0.712 0.084 0.474 0.618 0.049 0.460 0.105;
0.105 0.747 0.404 0.067 0.133 0.330 0.712 0.084 0.474 0.618 0.049 0.460;
0.460 0.105 0.747 0.404 0.067 0.133 0.330 0.712 0.084 0.474 0.618 0.049;
0.049 0.460 0.105 0.747 0.404 0.067 0.133 0.330 0.712 0.084 0.474 0.618;
0.618 0.049 0.460 0.105 0.747 0.404 0.067 0.133 0.330 0.712 0.084 0.474;
0.474 0.618 0.049 0.460 0.105 0.747 0.404 0.067 0.133 0.330 0.712 0.084;
0.084 0.474 0.618 0.049 0.460 0.105 0.747 0.404 0.067 0.133 0.330 0.712;
